user_000001,1.0, 1.0, -0.020198890491335043, -0.0053714297173337, -0.006416969167544686, -0.005558945143486811, 0, 0, -0.004627797167486719, -0.01579691939464016, -0.0021017724148981016, -0.009460530653961751, 0.301963109639715, 0, 0, -0.009210844655972076, 0.018468101131616965, -0.0211511341345961, 0, 0.0, 0.0, -0.01615831734649545, -0.004373375328995745, -0.010888694510521046, 0.062036848170628794, -0.0048847659565949796, 0, 0, 0.48596531005901616, 0.008451972751783327, 0.14983685760644447, -0.0030104099337564926, 0.0, -0.008154366568289235, -0.006620992228047184, -0.005543818734105588, 0.12097393885125464, 0.041580946522848446, -0.011441318086478256, 0.0, -0.012464352553708462, -0.004341674950530074, 0, 0, -0.009519752081467126, 0, -0.012281564722534992, 0, 0, 0, -0.010026668805689573, -0.01289669635401218, -0.01333377631837184, -0.004662272690666643, -0.01928275990015064, 0.04924059087417858, -0.0071376696507618135, 0, 0, 0, 0.0, 0, 0, -0.011193385459795034, -0.013532359378174217, -0.017482102745601517, 0.0, 0.01945807398230254, -0.01643127091605748, 0.0028177121397968364, 0.02603963593114601, 0, -0.0037904866374142594, -0.01049639663357394, 0.49227229869029676, -0.014647562989079384, 0.0, 0.0, 0, -0.01248149158216001, 0, 0, 0.03293272684909734, -0.02038651258798013, 0.006219572465272161, -0.010772061197401931, -0.025790234213685512, -0.011509049386080245, 0, 0.020767558835654527, -0.0033902785496090467, -0.01197923270141894, 0.1764131900409816, 0.06941187952563466, -0.018487552969591977, -0.017532341014470373, -0.008551347755857745, -0.022632545208401435, -0.007840143641110166
user_000002,1.0, 1.0, -0.020198890491335043, -0.0053714297173337, -0.006416969167544686, -0.005558945143486811, 0, 0, -0.004627797167486719, -0.01579691939464016, -0.0021017724148981016, -0.009460530653961751, 0.301963109639715, 0, 0, -0.009210844655972076, 0.018468101131616965, -0.0211511341345961, 0, 0.0, 0.0, -0.01615831734649545, -0.004373375328995745, -0.010888694510521046, 0.062036848170628794, -0.0048847659565949796, 0, 0, 0.48596531005901616, 0.008451972751783327, 0.14983685760644447, -0.0030104099337564926, 0.0, -0.008154366568289235, -0.006620992228047184, -0.005543818734105588, 0.12097393885125464, 0.041580946522848446, -0.011441318086478256, 0.0, -0.012464352553708462, -0.004341674950530074, 0, 0, -0.009519752081467126, 0, -0.012281564722534992, 0, 0, 0, -0.010026668805689573, -0.01289669635401218, -0.01333377631837184, -0.004662272690666643, -0.01928275990015064, 0.04924059087417858, -0.0071376696507618135, 0, 0, 0, 0.0, 0, 0, -0.011193385459795034, -0.013532359378174217, -0.017482102745601517, 0.0, 0.01945807398230254, -0.01643127091605748, 0.0028177121397968364, 0.02603963593114601, 0, -0.0037904866374142594, -0.01049639663357394, 0.49227229869029676, -0.014647562989079384, 0.0, 0.0, 0, -0.01248149158216001, 0, 0, 0.03293272684909734, -0.02038651258798013, 0.006219572465272161, -0.010772061197401931, -0.025790234213685512, -0.011509049386080245, 0, 0.020767558835654527, -0.0033902785496090467, -0.01197923270141894, 0.1764131900409816, 0.06941187952563466, -0.018487552969591977, -0.017532341014470373, -0.008551347755857745, -0.022632545208401435, -0.007840143641110166
user_000003,-0.020198890491335043, -0.020198890491335043, 1.0, -0.00742678921300052, -0.014787334689150595, -0.011529085178406506, 0, 0, 0.0026902472713783918, -0.010445962240796448, -0.005183690931959009, -0.016817876813539787, -0.004708739964245772, 0, 0, 0.03820603005165251, 0.032578956563800526, -0.040820509884780455, 0, 0.0, 0.0, 0.002482360341541743, 0.005039027227855528, 0.12238707142339585, -0.006126788517448398, 0.006753905202818086, 0, 0, -0.012798443803844426, -0.011331967677435578, 0.02609211922757937, 0.004162333158820582, -0.002929165167758312, 0.14656989723728386, 0.02746347783343783, -0.012775237177673664, -0.026370483437465612, 0.008760648488571476, -0.028474739872574973, 0.0, 0.0889486198232482, -0.012006004503753283, 0, 0, 0.006581226581158205, 0, -0.02481847831670721, 0, 0, 0, 0.02772667972853527, 0.05151343539488554, 0.044707059759143304, -0.011603296148075776, -0.04721572093327394, -0.0139064599657921, -0.014803312365004491, 0, 0, 0, 0.0, 0, 0, -0.003641528639462826, 0.07121149460157386, -0.011791009999389136, 0.0, 0.096207418342364, -0.0238108837831672, 0.026232394698975484, 0.028802891955535793, 0, 0.008940364941855575, -0.04263137192524295, 0.003982006229904004, 0.019855297694434462, -0.008324666317641165, 0.017329174830334543, 0, -0.043978770727358334, 0, 0, -0.020626659541274395, -0.024087365826218742, -0.008038635867226253, -0.023404785084879372, 0.09393044619383566, -0.017966232044815504, 0, 0.0216764023339271, 0.009375114443013487, -0.03496642993860286, -0.019224993357615745, 0.07563093063948989, -0.058357964089353696, -0.023506455536529813, 0.0, 0.002682241065285768, 0.03613382735839816
user_000004,-0.0053714297173337, -0.0053714297173337, -0.00742678921300052, 1.0, -0.00812685891412249, 0.021120607741559223, 0, 0, -0.007355507331139712, 0.05740917017012477, -0.0032373469458842397, 0.03594425773447947, 0.01293920309411543, 0, 0, -0.012725673792472608, 0.016936993022519234, 0.0016741965569872141, 0, 0.0, 0.0, -0.0013642615585433453, -0.008308082059287443, -0.011388483939934725, 0.0, 0.018559137213189452, 0, 0, 0.017584498711333246, -0.00875791408057711, -0.017207723462585436, -0.011437725271791937, 0.0, -0.013769613017039594, -0.012577870090366055, -0.014042091062371155, 0.014492753623188406, -0.02407349118671042, -0.008694008849288351, 0.0, -0.013748792657591028, 0.0, 0, 0, -0.012659242088545833, 0, -0.017947103843914503, 0, 0, 0, -0.009523809523809525, -0.013610998820834035, -0.008865540873558902, -0.01062827894235949, -0.004911469270303125, -0.006157662386546454, 0.0, 0, 0, 0, 0.0, 0, 0, -0.012508250348507674, 0.09515561657428387, -0.02592052637865797, 0.0, 0.018334351512724494, -0.015006929699116744, -0.004995942444476682, 0.014840214879952365, 0, -0.006777196189481537, 0.02492494869477208, -0.02344757729637903, 0.004364848877843022, 0.0, 0.0, 0, -0.02906513989967018, 0, 0, -0.01924989468286661, -0.00985807941917649, -0.006421355823838184, -0.0116935072724294, 0.014339588949385588, -0.01128448566606149, 0, -0.02630136069559461, 0.0, -0.02528544019302817, -0.00990536064687909, -0.006002227943443898, -0.011927792999815215, -0.021194798445644612, 0.05414986025563596, 0.012284270723037673, -0.009929257812241655
user_000005,-0.006416969167544686, -0.006416969167544686, -0.014787334689150595, -0.00812685891412249, 1.0, 0.0, 0, 0, -0.0040726773372003495, 0.0031174438760622567, -0.0018048290853292853, -0.006134392139000386, -0.0064407485279320146, 0, 0, -0.007601352029144966, -0.01156214242877323, -0.01800068403899047, 0, 0.0, 0.0, -0.011408688883281663, 0.0, 0.03887209293475172, 0.0, 0.0, 0, 0, 0.0, -0.0058125704560466505, 0.1430436892597798, 0.0, 0.0, -0.004112461059214289, 0.0, 0.0, -0.007420175530285751, 0.0, 0.031158847642487792, 0.0, 0.0036499936068136725, 0.0, 0, 0, -0.0064814320880399985, 0, 0.0, 0, 0, 0, 0.0, -0.00975621363797355, -0.007565144987063941, 0.004232351649760234, -0.016624521622363882, -0.004976280445165329, 0.0, 0, 0, 0, 0.0, 0, 0, -0.00896577571151536, -0.011917801560251354, -0.0019353694841433824, 0.02463323195410733, 0.018370342891443913, -0.01434240196690787, 0.04348401306598125, -0.011819224593294143, 0, -0.008096365637991015, -0.017865927958902402, 0.04575229213101353, -0.013036147796798321, 0.0, 0.0, 0, 0.02924010005787471, 0, 0, 0.2682966206119258, -0.016824196326810998, -0.004295906475954028, -0.006984814060350979, -0.011420509995260328, -0.010110743377648751, 0, 0.14786294023771274, 0.0, 0.036248648567331176, -0.003944473955063686, -0.0188226968239157, -0.01583279684150483, -0.00964583965413692, 0.012938007270799863, 0.01761045917911783, 0.01186197057221936
user_000006,-0.005558945143486811, -0.005558945143486811, -0.011529085178406506, 0.021120607741559223, 0.0, 1.0, 0, 0, -0.002904940554282188, -0.00405090761131703, -0.0010051086040201301, 0.0, -0.006695453909459945, 0, 0, -0.004938721596178072, -0.007512111304953239, 0.0, 0, 0.0, 0.0, -0.008471325771055376, -0.004299057685342943, -0.006855153508892634, 0.0, 0.0, 0, 0, 0.0, -0.004531825464288612, -0.008904220645773061, 0.0, 0.0, -0.005343865188379536, 0.0, 0.0, -0.0064280110517788945, -0.002335677323615184, 0.0, 0.0, -0.007114379987704736, 0.0, 0, 0, -0.005614788615609883, 0, -0.005572089983649915, 0, 0, 0, 0.0, -0.0042258467358652135, 0.025559025929782507, 0.010999309814962988, -0.010801221104837219, 0.0022491617723607716, 0.0, 0, 0, 0, 0.0, 0, 0, 0.015533892729670259, -0.008338818714442496, -0.012574409172572017, 0.0, 0.0082630450211994, 0.015841434669498403, -0.004431728308106338, -0.007679141753358146, 0, -0.007890509939597822, 0.0812544804340848, -0.008493144466019096, -0.00846979647938487, 0.0, 0.0, 0, -0.01187360428419052, 0, 0, -0.008300793441039359, 0.02623428719069314, -0.0011961943089640011, 0.0, -0.0037100452088458372, -0.002189704606985341, 0, -0.013209480411660628, 0.0, -0.00785044479917717, -0.00512557730065456, 0.13685293435986873, 0.045262028611833156, -0.01018396979900002, 0.03362413195695433, -0.015255734283945051, 0.0
user_000007,0, 0, 0, 0, 0, 0, 0, 0, 0, 0, 0, 0, 0, 0, 0, 0, 0, 0, 0, 0, 0, 0, 0, 0, 0, 0, 0, 0, 0, 0, 0, 0, 0, 0, 0, 0, 0, 0, 0, 0, 0, 0, 0, 0, 0, 0, 0, 0, 0, 0, 0, 0, 0, 0, 0, 0, 0, 0, 0, 0, 0, 0, 0, 0, 0, 0, 0, 0, 0, 0, 0, 0, 0, 0, 0, 0, 0, 0, 0, 0, 0, 0, 0, 0, 0, 0, 0, 0, 0, 0, 0, 0, 0, 0, 0, 0, 0, 0, 0
user_000008,0, 0, 0, 0, 0, 0, 0, 0, 0, 0, 0, 0, 0, 0, 0, 0, 0, 0, 0, 0, 0, 0, 0, 0, 0, 0, 0, 0, 0, 0, 0, 0, 0, 0, 0, 0, 0, 0, 0, 0, 0, 0, 0, 0, 0, 0, 0, 0, 0, 0, 0, 0, 0, 0, 0, 0, 0, 0, 0, 0, 0, 0, 0, 0, 0, 0, 0, 0, 0, 0, 0, 0, 0, 0, 0, 0, 0, 0, 0, 0, 0, 0, 0, 0, 0, 0, 0, 0, 0, 0, 0, 0, 0, 0, 0, 0, 0, 0, 0
user_000009,-0.004627797167486719, -0.004627797167486719, 0.0026902472713783918, -0.007355507331139712, -0.0040726773372003495, -0.002904940554282188, 0, 0, 1.0, 0.007661552996361166, -0.0010898009359942165, -0.00506266873102754, -0.0073800317941052065, 0, 0, -0.004889854752975481, -0.0040857276977499316, -0.010774810150824744, 0, -0.0014601388281878082, 0.00673910228394373, -0.00837883520605991, -0.0038844202761114735, 0.010085718684677735, -0.0038058639982422467, -0.0032350218422476902, 0, 0, -0.002969348298029769, -0.003869461119772575, -0.007568945975661054, -0.005202302391672287, -0.0009865035615762468, 0.014541627051080598, -0.0043848681114735345, 0.00416867217694503, -0.006597481660500957, -0.008884189898779224, -0.005967055528589388, -0.000673910228394373, -0.007393480666236552, -0.0029202776563756155, 0, 0, -0.0028518566357629764, 0, -0.006305558317486051, 0, 0, 0, -0.00578435614302725, -0.005545759738999892, -0.006222761989712973, -0.0045060710017680436, -0.009899916140085712, -0.0029477252804112515, -0.004210026045144763, 0, 0, 0, -0.000673910228394373, 0, 0, -0.005893619973932069, -0.0017096432929397558, -0.010457109138967292, -0.0023025266136807742, -0.0018427624108754504, -0.008339626939733641, -0.0040762168280464375, -0.007692978232163079, 0, -0.0034839866238701835, -0.010549326846846318, 0.09802489497151644, -0.006678082095827139, -0.0023675148608808014, -0.0012969408392437779, 0, -0.011361702552746057, 0, 0, -0.007086591880374984, -0.010007090153933229, 0.09483471843695665, -0.005605274925320646, -0.013259157869416094, -0.006039260799494197, 0, -0.010846192274241327, -0.003297742327031513, -0.009255699539741495, -0.006034079372651447, -0.010324482208738375, -0.013618957041902253, -0.009093162615366981, -0.004070482415274717, -0.012017805406461756, -0.0009194649211494644
user_000010,-0.01579691939464016, -0.01579691939464016, -0.010445962240796448, 0.05740917017012477, 0.0031174438760622567, -0.00405090761131703, 0, 0, 0.007661552996361166, 1.0, -0.0037255159162162222, -0.01575786552264315, -0.008686033531277932, 0, 0, 0.14725974163102565, -0.003712566001200086, -0.014128792550632449, 0, 0.0, 0.0, -0.023026410447466516, -0.012747842585302186, 0.011590151403186534, -0.006458202152434404, -0.01067886177088331, 0, 0, 0.03372686077151471, 0.016424296273047978, -0.02310294720715074, -0.01754993754975521, -0.003087611190981824, -0.015515848610592575, -0.014474523737201655, -0.01077302590141599, 0.03256211825854903, -0.023663494232581163, -0.010005003753127737, 0.0, 0.009962008265182825, 0.0, 0, 0, 0.022199110180376437, 0, 0.009638253276878521, 0, 0, 0, 0.04018641911908734, 0.03968071708984229, 0.08842081378599172, 0.0027179884587687285, -0.030144448104184058, 0.022786977503391617, 0.09362436797669607, 0, 0, 0, 0.0, 0, 0, 0.018232914053608024, -0.01825073483476733, -0.022371868507134143, -0.007909649964604158, 0.0034030712501849137, -0.01312509991991861, 0.0643373504831124, -0.01707801408360644, 0, 0.02924680999591289, 0.0019122302845606413, -0.021886459096995294, -0.01297617929592125, 0.0, 0.07306621658015879, 0, -0.017017381610088513, 0, 0, -0.015588896462316332, -0.017287021581742928, 0.030051246431988927, -0.011214004396205474, -0.01650189731157858, -0.018938071410907108, 0, -0.022848934284466462, -0.00988223832155449, -0.007759548087767482, -0.01899836469114805, -0.013526837679678876, -0.019318664664026243, -0.008323852568112267, 0.008308703376169622, -0.03298552055531996, -0.015235359337579132
user_000011,-0.0021017724148981016, -0.0021017724148981016, -0.005183690931959009, -0.0032373469458842397, -0.0018048290853292853, -0.0010051086040201301, 0, 0, -0.0010898009359942165, -0.0037255159162162222, 1.0, -0.0022807350467763444, -0.003352491459166803, 0, 0, -0.0021532518806748105, -0.003838164584374072, -0.005099093768026577, 0, 0.0, 0.0, -0.003808865482522162, -0.001757214746611603, -0.0025660457696034776, -0.0016024049849418134, -0.0014720179712964527, 0, 0, -0.0011157716146815847, 0.02614910939697173, -0.0034575708265608836, -0.0021772396366181185, -0.0002553653708990005, -0.002184273717689329, -0.0019952275368159884, 0.10959284797766718, -0.001248020706674214, -0.0046780029462833396, -0.002758261253581951, 0.0, -0.003344155508896217, -0.001046686553173228, 0, 0, -0.0022376367857059438, 0, -0.002846949089011632, 0, 0, 0, -0.002417219052926899, -0.003022757846765988, -0.0036163047904991035, 0.0021355542636162395, 0.2953851958599635, -0.001367505981131848, -0.0012905565702586027, 0, 0, 0, 0.0, 0, 0, -0.0027778572599970403, -0.0034084434978150944, -0.004985524894026364, -0.0006541790957332675, -0.0026456859635214758, -0.0037136568509012215, -0.0018793722054779316, -0.00345268482764495, 0, -0.0035745965577113213, -0.00482369043656317, -0.004537776817524297, -0.0034965996940138143, -0.0007257465455393728, 0.0, 0, -0.0051929951295552595, 0, 0, -0.003257184853598296, -0.0035296909769750545, -0.00120604569706147, 0.09070661796596394, -0.006520775133436282, -0.0025955840494501486, 0, -0.00498207956370379, -0.0012259873239546114, -0.0041714705620927856, -0.002828317253156536, -0.00615316223165664, 0.26081627389464557, -0.004162638238342803, -0.0020615501642912235, -0.006001853916749209, -0.0022051094383003416
user_000012,-0.009460530653961751, -0.009460530653961751, -0.016817876813539787, 0.03594425773447947, -0.006134392139000386, 0.0, 0, 0, -0.00506266873102754, -0.01575786552264315, -0.0022807350467763444, 1.0, -0.01546424419221417, 0, 0, -0.004802856435736236, -0.009131814636727678, 0.06824157138322513, 0, 0.0, 0.0, 0.016476556010048285, -0.006271184699182888, -0.010175286391129563, 0.0, 0.0, 0, 0, 0.0, -0.008079782503836388, -0.01298889579041923, 0.008633531446374633, 0.0, -0.009744102096523882, 0.0, -0.01059938334581489, -0.012502350516340686, -0.017035668006994336, -0.006562493591317981, 0.0, -0.013837324111026382, 0.0, 0, 0, -0.0013650811810615848, 0, -0.013547001849215732, 0, 0, 0, -0.007188851546895894, -0.012328778690921818, -0.016251929591852936, -0.008022537549140318, -0.01730083349606163, -0.006288449862722409, 0.0, 0, 0, 0, 0.0, 0, 0, 0.0037766381044068817, -0.001737732051958468, -0.01711987873410935, 0.0, -0.009821444230631474, 0.007702816910410049, -0.007542168599737601, -0.014935774237441824, 0, -0.0063945337719862345, 0.022576901253569846, 0.0053096762980181155, -0.014826223412019472, 0.0, 0.0, 0, -0.011546959196048106, 0, 0, -0.012915899282394143, -0.008504192337836338, -0.005622552762429434, -0.008826603223624462, -0.02705985875266849, -0.012776792527231533, 0, -0.021604779519792342, 0.0, -0.011451716378272433, -0.012461429261553733, -0.021237460273992585, -0.02600996372452527, 0.007999228628586244, -0.008174781439921426, 0.05192616157080083, -0.007494895840221465
user_000013,0.301963109639715, 0.301963109639715, -0.004708739964245772, 0.01293920309411543, -0.0064407485279320146, -0.006695453909459945, 0, 0, -0.0073800317941052065, -0.008686033531277932, -0.003352491459166803, -0.01546424419221417, 1.0, 0, 0, -0.004874624383880977, 0.043337148321223984, -0.028925212668203276, 0, 0.0, 0.0, 0.009730917130442095, -0.0008779163488828584, -0.016651443449516263, -0.008005723469624106, 0.0, 0, 0, 0.11427664121737782, -0.002159383729805797, 0.22422440484486644, -0.014503514922188427, -0.0025516452611505434, -0.01459584182621067, -0.011961949745912508, -0.011128724922477615, 0.03609850138575682, 0.01574006959677586, -0.01653655129183788, 0.0, 0.0016949766174983469, -0.007843975008961121, 0, 0, -0.013472591487004337, 0, -0.0193440277582462, 0, 0, 0, 0.015095736943134671, -0.012081521794678455, -0.024491232738111192, 0.011792465175800557, -0.03036125060054769, 0.012516043508715933, 0.03653701052444928, 0, 0, 0, 0.0, 0, 0, -0.018636658054050514, -0.016420641869292096, 0.015150238300803654, 0.0, -0.010686914364789852, -0.004471912688843514, -0.011425741088116469, -0.013329426810437549, 0, -0.02094731133940562, 0.02528470350452976, 0.280724453690106, -0.017988136654612165, 0.0036258787305471067, 0.0, 0, 0.0019397797534647162, 0, 0, -0.020171882623407977, -0.021206133748889577, 0.020641359839439367, -0.013901116141019082, 0.029926516111722735, -0.016992175808555447, 0, 0.0766342543056172, -0.006125115426548354, -0.006412599541241335, 0.12508077315253605, -0.0017838460652308, 0.0012604117780616155, -0.02639596590660238, 0.012016251075120776, -0.027649121798548212, -0.011016875602101118
user_000014,0, 0, 0, 0, 0, 0, 0, 0, 0, 0, 0, 0, 0, 0, 0, 0, 0, 0, 0, 0, 0, 0, 0, 0, 0, 0, 0, 0, 0, 0, 0, 0, 0, 0, 0, 0, 0, 0, 0, 0, 0, 0, 0, 0, 0, 0, 0, 0, 0, 0, 0, 0, 0, 0, 0, 0, 0, 0, 0, 0, 0, 0, 0, 0, 0, 0, 0, 0, 0, 0, 0, 0, 0, 0, 0, 0, 0, 0, 0, 0, 0, 0, 0, 0, 0, 0, 0, 0, 0, 0, 0, 0, 0, 0, 0, 0, 0, 0, 0
user_000015,0, 0, 0, 0, 0, 0, 0, 0, 0, 0, 0, 0, 0, 0, 0, 0, 0, 0, 0, 0, 0, 0, 0, 0, 0, 0, 0, 0, 0, 0, 0, 0, 0, 0, 0, 0, 0, 0, 0, 0, 0, 0, 0, 0, 0, 0, 0, 0, 0, 0, 0, 0, 0, 0, 0, 0, 0, 0, 0, 0, 0, 0, 0, 0, 0, 0, 0, 0, 0, 0, 0, 0, 0, 0, 0, 0, 0, 0, 0, 0, 0, 0, 0, 0, 0, 0, 0, 0, 0, 0, 0, 0, 0, 0, 0, 0, 0, 0, 0
user_000016,-0.009210844655972076, -0.009210844655972076, 0.03820603005165251, -0.012725673792472608, -0.007601352029144966, -0.004938721596178072, 0, 0, -0.004889854752975481, 0.14725974163102565, -0.0021532518806748105, -0.004802856435736236, -0.004874624383880977, 0, 0, 1.0, 0.0033946707096219396, -0.014615421564608246, 0, 0.0, 0.0, -0.01722659866803023, -0.007770856746377575, -0.006739065119884647, -0.007873608954597147, -0.00578634938809731, 0, 0, -0.005482477562912256, -0.007888208649973052, -0.01564793693648068, -0.0035660426380502356, -0.0012547683574994637, -0.009256945741329662, -0.007843031716930723, -0.006567043830729444, -0.011619093462692381, -0.010085662361501602, 0.04472505598836636, 0.0, 0.08525541148143444, 0.012857549581980996, 0, 0, 0.023681315635979767, 0, -0.011191060462827071, 0, 0, 0, 0.07571775906521203, 0.17695910866945955, 0.011056358152772837, -0.00662734852899776, 0.0024245472761296877, -0.003444400649039656, 0.12471231969985964, 0, 0, 0, 0.0, 0, 0, 0.03002853611001411, 0.0005981355591355935, -0.009596752748797746, -0.003214387395495249, -0.010694949150772215, -0.004304538001173499, 0.002558963536833733, -0.015422891575085201, 0, 0.022714615672362302, 0.030307195527970697, -0.008772554864986687, -0.01292824840193559, -0.0035660426380502356, 0.11134964568413533, 0, -0.023131693337792834, 0, 0, -0.014670854163053072, 0.004171235871715201, 0.054015145723223655, -0.010937370289354938, 0.045080393400279424, -0.012094038501195137, 0, -0.0006029567753310506, -0.006024035660661739, -0.018920326699418465, -0.005147139192549967, -0.01871368673490104, 0.04855146305581233, -0.017621581952943284, 0.0, 0.0011489933216985231, -0.006191468300077429
user_000017,0.018468101131616965, 0.018468101131616965, 0.032578956563800526, 0.016936993022519234, -0.01156214242877323, -0.007512111304953239, 0, 0, -0.0040857276977499316, -0.003712566001200086, -0.003838164584374072, -0.009131814636727678, 0.043337148321223984, 0, 0, 0.0033946707096219396, 1.0, -0.026796283356797172, 0, 0.01466786622122144, 0.0, -0.009704725169134738, -0.009849974950806804, 0.07985508263348716, 0.03592878785739777, 0.009901583290738656, 0, 0, -0.006254399171545343, 0.14052053924503075, -0.016321037164278004, -0.016272536542233883, -0.002862874343057865, 0.08295195894501807, -0.008947314514264695, -0.012486116913110397, -0.014727820019581941, -0.014449022320607175, -0.018553546269482777, 0.0, 0.00489012731150334, -0.005867146488488575, 0, 0, 0.003216142423861238, 0, -0.007660043308985962, 0, 0, 0, 0.027099188836030772, 0.013555128253009432, -0.003603734493991828, 0.0012600776040169153, 0.07409750261825417, -0.0047023550798487215, -0.009645529410797049, 0, 0, 0, 0.0, 0, 0, -0.014236464404507402, 0.07287517442211215, -0.027657993788167412, -0.00733393311061072, 0.03029158199153972, 0.017293880815573766, 0.0015230923618141665, 0.16714682955650212, 0, -0.003615737724065021, -0.020390022846879224, -0.01306562480579744, -0.006598021787712751, -0.008136268271116942, 0.0, 0, -0.03318977093795426, 0, 0, -0.009889738401814237, -0.005008986670140979, 0.003014784477477527, -0.008318219745440416, -0.0034001732517415268, -0.01655622521340495, 0, 0.06630891872464306, -0.009162943386587859, -0.02877902658090737, 0.015266799198717226, 0.10700953413115713, -0.01932667057834073, 0.010410308448239943, 0.023111822294066463, 0.07252923058245728, 0.0070632143519587225
user_000018,-0.0211511341345961, -0.0211511341345961, -0.040820509884780455, 0.0016741965569872141, -0.01800068403899047, 0.0, 0, 0, -0.010774810150824744, -0.014128792550632449, -0.005099093768026577, 0.06824157138322513, -0.028925212668203276, 0, 0, -0.014615421564608246, -0.026796283356797172, 1.0, 0, 0.0, 0.0, -0.0345826799847334, -0.01567585140093722, -0.024881861585013484, -0.008286850169393806, -0.011418829031443338, 0, 0, -0.012982999074697361, -0.01820101226358092, -0.031762045290550135, -0.02251922431728446, -0.003961872161490817, -0.018426581999230095, -0.01857300323717956, -0.022463060196848964, -0.02955320878855691, -0.029993551462493905, -0.02781552167210121, 0.0, -0.03458865381198517, 0.012179132693946701, 0, 0, -0.0013352257496787971, 0, -0.02738481708291875, 0, 0, 0, -0.025782626977603102, -0.024788228753468543, -0.03366314835838305, -0.018309849024345907, 0.08169111400842861, -0.013104126178473407, -0.016685309009520047, 0, 0, 0, 0.0, 0, 0, 0.07264945273016375, -0.023796170217640848, -0.049837658083683435, 0.02537319311238896, -0.019358837747495874, 0.042251453299849306, -0.017037854295557917, -0.03530536548954964, 0, -0.009382020206564014, -0.03864547073089676, -0.040009565560331695, 0.03249513683696168, 0.21393263101420237, 0.011719375898910499, 0, -0.04254230721009117, 0, 0, -0.028951583148045548, 0.06481263201695447, -0.009924534799867123, -0.025900674780124075, -0.05587696851695951, -0.026383302304615185, 0, -0.04968938101248597, -0.01268040646236113, -0.02364710035564307, -0.019502220332288628, -0.04283850058959961, -0.051860713519223514, 0.1251884642834212, -0.010661323129115762, 0.08525547265562712, -0.01466195279205556
user_000019,0, 0, 0, 0, 0, 0, 0, 0, 0, 0, 0, 0, 0, 0, 0, 0, 0, 0, 0, 0, 0, 0, 0, 0, 0, 0, 0, 0, 0, 0, 0, 0, 0, 0, 0, 0, 0, 0, 0, 0, 0, 0, 0, 0, 0, 0, 0, 0, 0, 0, 0, 0, 0, 0, 0, 0, 0, 0, 0, 0, 0, 0, 0, 0, 0, 0, 0, 0, 0, 0, 0, 0, 0, 0, 0, 0, 0, 0, 0, 0, 0, 0, 0, 0, 0, 0, 0, 0, 0, 0, 0, 0, 0, 0, 0, 0, 0, 0, 0
user_000020,0.0, 0.0, 0.0, 0.0, 0.0, 0.0, 0, 0, -0.0014601388281878082, 0.0, 0.0, 0.0, 0.0, 0, 0, 0.0, 0.01466786622122144, 0.0, 0, 1.0, 0.0, 0.0, 0.0, 0.11271675888656646, 0.0, 0.0, 0, 0, 0.0, 0.0, 0.013039534952409448, 0.0, 0.0, 0.03130269101672259, 0.0, 0.0, 0.0, 0.036484446119576026, 0.0, 0.0, 0.018521694664415903, 0.0, 0, 0, 0.0, 0, 0.0, 0, 0, 0, 0.0, 0.0, 0.0, 0.0, -0.004962366684320647, -0.001097907187727647, 0.0, 0, 0, 0, 0.0, 0, 0, 0.0, -0.004652018297279918, 0.0, 0.0, -0.003585358038823595, 0.0, 0.0, 0.0, 0, -0.005135571058206843, 0.015109947130387486, 0.023690563861840732, 0.0, 0.0, 0.0, 0, 0.009273581401244287, 0, 0, 0.012966253856529145, 0.017074694419062765, -0.0015570960356512458, 0.0, 0.0, 0.0, 0, -0.004689515459275806, 0.0, 0.0, 0.0, -0.004548321643536337, 0.024102800747485068, -0.0030592056470031947, 0.0, 0.0, 0.0
user_000021,0.0, 0.0, 0.0, 0.0, 0.0, 0.0, 0, 0, 0.00673910228394373, 0.0, 0.0, 0.0, 0.0, 0, 0, 0.0, 0.0, 0.0, 0, 0.0, 1.0, 0.0, 0.0, 0.016907513832984968, 0.0, 0.0, 0, 0, 0.0, 0.0, 0.0, 0.0, 0.0, 0.0, 0.0, 0.0, 0.0, 0.0, 0.0, 0.0, 0.0, 0.0, 0, 0, 0.0, 0, 0.0, 0, 0, 0, 0.0, 0.0, 0.0, 0.0, 0.0, 0.0, 0.0, 0, 0, 0, 0.0, 0, 0, 0.0, 0.009304036594559835, 0.0, 0.0, 0.0, 0.0, 0.0, 0.0, 0, 0.0, 0.0, 0.0, 0.0, 0.0, 0.0, 0, 0.0, 0, 0, 0.0, 0.0, 0.0, 0.0, 0.0, 0.0, 0, 0.0, 0.0, 0.0, 0.0, 0.08186978958365408, 0.0, 0.0, 0.0, 0.0, 0.0
user_000022,-0.01615831734649545, -0.01615831734649545, 0.002482360341541743, -0.0013642615585433453, -0.011408688883281663, -0.008471325771055376, 0, 0, -0.00837883520605991, -0.023026410447466516, -0.003808865482522162, 0.016476556010048285, 0.009730917130442095, 0, 0, -0.01722659866803023, -0.009704725169134738, -0.0345826799847334, 0, 0.0, 0.0, 1.0, -0.00666462542348118, -0.01663998867964443, -0.006752750195506892, 0.037219690665737895, 0, 0, -0.010579526327593982, -0.013465492373327751, 0.0391107421596628, 0.002293795189106365, -0.003228432090143303, -0.0163960915395176, 0.012612235919689312, -0.01267241175260925, -0.018684451780050165, -0.030475823167668975, -0.020922631238637662, 0.016540792339471234, -0.02052635484968612, -0.00992447540368274, 0, 0, -0.017408681480430628, 0, -0.015836602969578138, 0, 0, 0, -0.00572989854588205, -0.02347488234780127, -0.02616130462632946, -0.012788781611981435, -0.023967791236596203, -0.010569268293725637, -0.013596447549186413, 0, 0, 0, 0.0, 0, 0, -0.021572972650516272, 0.0007694806861472768, -0.016244592263109175, -0.008270396169735617, 0.010793448626475955, -0.01384409773044083, -0.009732922738291901, -0.009920507993808558, 0, -0.02140649643343628, -0.027492354751854155, -0.03213257717398252, -0.019695486225041258, -0.00458759037821273, 0.0, 0, 0.22947500676494195, 0, 0, -0.021232739133709946, -0.017228167453384385, -0.009323527988552257, -0.004690182722158808, -0.01437876822718539, -0.021216220596700686, 0, 0.29631091128925285, 0.02841561540700806, -0.018255258881246475, -0.021851333953291068, -0.01925960801250741, -0.03322328516365021, -0.026312876372025142, -0.004343824877538786, -0.01281054774147421, 0.0019912773965018006
user_000023,-0.004373375328995745, -0.004373375328995745, 0.005039027227855528, -0.008308082059287443, 0.0, -0.004299057685342943, 0, 0, -0.0038844202761114735, -0.012747842585302186, -0.001757214746611603, -0.006271184699182888, -0.0008779163488828584, 0, 0, -0.007770856746377575, -0.009849974950806804, -0.01567585140093722, 0, 0.0, 0.0, -0.00666462542348118, 1.0, -0.009083180073970064, 0.047976726162674316, 0.0, 0, 0, 0.0, 0.008319061271806958, 0.007880845219260297, 0.0931250489270405, 0.0, -0.007707637669379554, -0.005120400865249099, 0.0, -0.0075856401410885335, -0.009800222471403434, -0.007078592816517763, 0.0, -0.011816055208881406, 0.0, 0, 0, -0.008098399700161856, 0, -0.01022867238627912, 0, 0, 0, 0.027139734727005642, -0.008865573536808535, -0.01288973718856149, -0.00432673006650385, -0.016162136740298847, -0.0048660632491834685, -0.005519977761158394, 0, 0, 0, 0.0, 0, 0, -0.009165706101651802, -0.0109339641177067, -0.005276071574258472, 0.0, -0.007223072464553478, -0.012951634097007062, -0.0066825786665424885, 0.006041392427005036, 0, -0.012760234407543541, -0.015220271152357644, -0.009227234903312962, -0.010661475660131509, 0.0, 0.0, 0, -0.01619157225291257, 0, 0, -0.009142648116276433, -0.009746306198617423, -0.004287137783708355, -0.0071405704215460174, -0.01653983720767662, -0.00861350477365143, 0, 0.022988943755891604, -0.005243801720629329, -0.014411042925181366, -0.009409010111606685, -0.004581530835639976, -0.017264914020993054, -0.013764221748671, 0.004408838528527158, -0.017002984285636177, -0.008084322691808608
user_000024,-0.010888694510521046, -0.010888694510521046, 0.12238707142339585, -0.011388483939934725, 0.03887209293475172, -0.006855153508892634, 0, 0, 0.010085718684677735, 0.011590151403186534, -0.0025660457696034776, -0.010175286391129563, -0.016651443449516263, 0, 0, -0.006739065119884647, 0.07985508263348716, -0.024881861585013484, 0, 0.11271675888656646, 0.016907513832984968, -0.01663998867964443, -0.009083180073970064, 1.0, -0.008628079522887787, -0.007608975699292308, 0, 0, -0.006608605778472111, -0.009109528565330227, 0.002327142352270845, -0.0027354253619109484, -0.0022000058643984483, 0.10914325162575539, -0.010313486749635777, -0.011514105255377867, -0.01379350539308864, 0.023594943862673884, 0.07010019874886969, 0.0, -0.0043841813224851, -0.006763005533193987, 0, 0, 0.02292296245952684, 0, 0.014348199333412227, 0, 0, 0, -0.012039254450788137, 0.00892849774910624, 0.11877819289648042, 0.0042363994415472615, -0.014235251076661001, -0.007078645274210535, -0.009728523531979168, 0, 0, 0, 0.0, 0, 0, 0.13811952796105842, 0.0650206926690491, -0.00929865819890702, -0.004931358201287282, 0.06261993382865504, -0.013781874183123956, -0.009241570157715167, -0.01808380772433041, 0, 0.0107090011071855, -0.009196979044417125, 0.03247113466837518, -0.012452107342062119, -0.0031262004136125123, -0.0016269262771335322, 0, -0.025191441735537886, 0, 0, 0.004567231592526275, 0.017128977503668166, -0.00014040865473098393, -0.012984203677923281, -0.0038376951937005655, -0.014216770955481614, 0, -0.0187912672569555, -0.007481445111862571, 0.0017277769773148875, -0.00654280835748215, 0.035912678786014236, 0.02159847716374456, -0.018137729002658053, -0.011840348426323578, -0.0254336781674801, -0.011873315278669475
user_000025,0.062036848170628794, 0.062036848170628794, -0.006126788517448398, 0.0, 0.0, 0.0, 0, 0, -0.0038058639982422467, -0.006458202152434404, -0.0016024049849418134, 0.0, -0.008005723469624106, 0, 0, -0.007873608954597147, 0.03592878785739777, -0.008286850169393806, 0, 0.0, 0.0, -0.006752750195506892, 0.047976726162674316, -0.008628079522887787, 1.0, 0.0, 0, 0, 0.0, 0.06261589106929946, -0.001774455950921649, 0.0, 0.0, -0.006389635047247759, 0.0, 0.0, -0.010247924365022427, -0.007447356378418917, 0.0, 0.0, -0.0037807250916207227, 0.0, 0, 0, -0.004475717962746456, 0, -0.008883363181483769, 0, 0, 0, 0.0, 0.006737100695453693, -0.012537768141160015, 0.0, 0.12155266293172395, -0.004482187324777995, 0.0, 0, 0, 0, 0.0, 0, 0, -0.006191268049546141, 0.0, 0.06815940677933081, 0.0, 0.019028311770657814, -0.013370492211344408, 0.007065329561814318, 0.09794042137487835, 0, 0.016772704840549088, -0.012337220169960089, -0.015474611514754323, -0.0027006124603301315, 0.0, 0.0, 0, -0.015143695014141824, 0, 0, 0.010586901941296991, -0.013941429613550474, -0.003814090767856076, 0.0, -0.017744336024691904, -0.006981919294590165, 0, 0.08232292678218782, 0.0, -0.012515654358043972, 0.008171505630757667, 0.06313271420541891, -0.006559951467034598, -0.00874240832896515, 0.0, -0.006080403791133919, 0.0
user_000026,-0.0048847659565949796, -0.0048847659565949796, 0.006753905202818086, 0.018559137213189452, 0.0, 0.0, 0, 0, -0.0032350218422476902, -0.01067886177088331, -0.0014720179712964527, 0.0, 0.0, 0, 0, -0.00578634938809731, 0.009901583290738656, -0.011418829031443338, 0, 0.0, 0.0, 0.037219690665737895, 0.0, -0.007608975699292308, 0.0, 1.0, 0, 0, 0.0, -0.0039822135635074855, 0.002934124601731573, 0.0, 0.0, -0.0011739426309780106, 0.0, 0.0, -0.005648433064883746, -0.004104820890112241, 0.0, 0.0, 0.014586974200106297, 0.0, 0, 0, -0.004933836829662409, 0, -0.004896316613432966, 0, 0, 0, 0.012991396049232619, -0.0074266868048979105, -0.010365817741115708, 0.004832666337166895, -0.011724507304623856, -0.003952774698406696, 0.0, 0, 0, 0, 0.0, 0, 0, -0.0068249846347374354, 0.0010467859002312237, 0.17016086355980894, 0.0, -0.00726091730994291, -0.00818836062257711, 0.0019471280080610377, 0.006747828813641169, 0, -0.009244750179095004, -0.010200011220018512, -0.011727745377511815, -0.008931113173569394, 0.0, 0.0, 0, -0.01043359423279255, 0, 0, -0.008752905200589804, -0.009605266051448312, -0.0035037398205821865, 0.015951073338974782, -0.0032600973864316835, -0.0076965641812339, 0, -0.012662681050648213, 0.0, -0.006898356524363089, -0.004503956211093125, 0.07061821077914526, -0.01807851299961745, -0.006883750519775727, 0.014773127892422914, 0.006702772697836973, 0.027088933349891355
user_000027,0, 0, 0, 0, 0, 0, 0, 0, 0, 0, 0, 0, 0, 0, 0, 0, 0, 0, 0, 0, 0, 0, 0, 0, 0, 0, 0, 0, 0, 0, 0, 0, 0, 0, 0, 0, 0, 0, 0, 0, 0, 0, 0, 0, 0, 0, 0, 0, 0, 0, 0, 0, 0, 0, 0, 0, 0, 0, 0, 0, 0, 0, 0, 0, 0, 0, 0, 0, 0, 0, 0, 0, 0, 0, 0, 0, 0, 0, 0, 0, 0, 0, 0, 0, 0, 0, 0, 0, 0, 0, 0, 0, 0, 0, 0, 0, 0, 0, 0
user_000028,0, 0, 0, 0, 0, 0, 0, 0, 0, 0, 0, 0, 0, 0, 0, 0, 0, 0, 0, 0, 0, 0, 0, 0, 0, 0, 0, 0, 0, 0, 0, 0, 0, 0, 0, 0, 0, 0, 0, 0, 0, 0, 0, 0, 0, 0, 0, 0, 0, 0, 0, 0, 0, 0, 0, 0, 0, 0, 0, 0, 0, 0, 0, 0, 0, 0, 0, 0, 0, 0, 0, 0, 0, 0, 0, 0, 0, 0, 0, 0, 0, 0, 0, 0, 0, 0, 0, 0, 0, 0, 0, 0, 0, 0, 0, 0, 0, 0, 0
user_000029,0.48596531005901616, 0.48596531005901616, -0.012798443803844426, 0.017584498711333246, 0.0, 0.0, 0, 0, -0.002969348298029769, 0.03372686077151471, -0.0011157716146815847, 0.0, 0.11427664121737782, 0, 0, -0.005482477562912256, -0.006254399171545343, -0.012982999074697361, 0, 0.0, 0.0, -0.010579526327593982, 0.0, -0.006608605778472111, 0.0, 0.0, 0, 0, 1.0, -0.0025153909714432992, 0.16309557397746596, 0.0, 0.0, -0.0044491707657490585, 0.0, 0.0, 0.10703607911246324, 0.03500329521839076, 0.0, 0.0, -0.007897677141146716, 0.0, 0, 0, -0.004674734950042286, 0, 0.0, 0, 0, 0, 0.0, -0.007036672182012485, -0.009821453800181231, 0.0, -0.01163778145108015, 0.055241605344059884, 0.0, 0, 0, 0, 0.0, 0, 0, -0.006466568576750386, -0.007934509067835886, -0.00418765756358005, 0.0, -0.0061152072181482955, -0.009310015772498998, 0.0018448740130127012, 0.0, 0, -0.008759259428038716, -0.012885806209176048, 0.33335578229004353, -0.008462093161302349, 0.0, 0.0, 0, 0.019771341979273476, 0, 0, -0.008293243831982131, -0.010921011245091976, -0.0026557919218826134, 0.0, -0.006177784843337224, -0.007292376869244692, 0, -0.011997696663339734, 0.0, 0.0, 0.13655774839978377, -0.0009697054326176746, -0.01712911461846786, -0.010435597366723356, 0.0, -0.012701549270696772, 0.0
user_000030,0.008451972751783327, 0.008451972751783327, -0.011331967677435578, -0.00875791408057711, -0.0058125704560466505, -0.004531825464288612, 0, 0, -0.003869461119772575, 0.016424296273047978, 0.02614910939697173, -0.008079782503836388, -0.002159383729805797, 0, 0, -0.007888208649973052, 0.14052053924503075, -0.01820101226358092, 0, 0.0, 0.0, -0.013465492373327751, 0.008319061271806958, -0.009109528565330227, 0.06261589106929946, -0.0039822135635074855, 0, 0, -0.0025153909714432992, 1.0, -0.0064614238646781685, -0.008180600241953937, -0.0011513892985383488, -0.007755642954380234, 0.01079527874567248, 0.006025991924758429, -0.007107872297279972, -0.01463536347262271, -0.008705498067873548, 0.0, 0.02687835403521832, -0.004719291781830087, 0, 0, -0.008019492111488684, 0, -0.010269040639399625, 0, 0, 0, 0.029971528186863886, 0.010903188712194502, -0.012681795390583986, -0.0020271093939013226, 5.8547140779354625e-05, -0.003005179733588055, 0.009698084871642018, 0, 0, 0, 0.0, 0, 0, -0.010019824099932951, -0.01207482744560197, 0.0006952173377770831, -0.0029495573636438045, -0.00939079465378394, -0.004293360429992094, -0.006329750350407353, 0.0629773593798542, 0, -0.012481673019350001, -0.017113979835917947, -0.016099586400975238, -0.012019196939081237, -0.0032722400967815754, 0.0, 0, -0.018381189327910292, 0, 0, -0.011473412862420127, -0.016518995335074307, -0.004298808456872943, -0.0033454172450896485, -0.006495529483311979, -0.006456798985915537, 0, 0.07812310694007085, -0.0036851477550919375, -0.014467917229740635, 0.0051953789270073065, 0.023182045509737827, -0.004170765481178793, -0.014365097648486218, -0.007745917118703909, 0.1367113215335315, 0.004261019753372061
user_000031,0.14983685760644447, 0.14983685760644447, 0.02609211922757937, -0.017207723462585436, 0.1430436892597798, -0.008904220645773061, 0, 0, -0.007568945975661054, -0.02310294720715074, -0.0034575708265608836, -0.01298889579041923, 0.22422440484486644, 0, 0, -0.01564793693648068, -0.016321037164278004, -0.031762045290550135, 0, 0.013039534952409448, 0.0, 0.0391107421596628, 0.007880845219260297, 0.002327142352270845, -0.001774455950921649, 0.002934124601731573, 0, 0, 0.16309557397746596, -0.0064614238646781685, 1.0, -0.012055054327978758, -0.002545056622254266, -0.014059276157919834, 0.03446751425943747, -0.01627998428656675, 0.030331729944013824, -0.0031716014026367395, -0.007330600902931404, 0.0, 0.055065256969627545, -0.0086930233016063, 0, 0, -0.015629785887328176, 0, -0.01740250287438669, 0, 0, 0, -0.014052974161111441, -0.017788576370457203, -0.02482845249492269, -0.012695508995095334, -0.031231889713769865, 0.0062800393599737, -0.012862118046653543, 0, 0, 0, 0.0, 0, 0, -0.017138366597458425, -0.020300931935792098, 0.053273096288346866, -0.004346511650803149, -0.018139543768087272, -0.01935988516847606, -0.013088749193976162, -0.01772667828153153, 0, -0.02330397949329654, -0.0333631851125864, 0.21796967290203734, -0.021046981603199285, -0.0072330325967872545, 0.0, 0, 0.013382166228919658, 0, 0, 0.07337808143798712, -0.03057672758926025, -0.0020033090738717507, -0.017254498332983006, 0.0, -0.015461607084942968, 0, 0.10770394943864217, -0.005430488604788665, -0.006929044934856594, 0.058811905878442136, 0.012098831805321262, -0.02989240575054556, -0.026540558481856737, -0.015980298327005198, -0.037288196436732375, -0.015697755390875166
user_000032,-0.0030104099337564926, -0.0030104099337564926, 0.004162333158820582, -0.011437725271791937, 0.0, 0.0, 0, 0, -0.005202302391672287, -0.01754993754975521, -0.0021772396366181185, 0.008633531446374633, -0.014503514922188427, 0, 0, -0.0035660426380502356, -0.016272536542233883, -0.02251922431728446, 0, 0.0, 0.0, 0.002293795189106365, 0.0931250489270405, -0.0027354253619109484, 0.0, 0.0, 0, 0, 0.0, -0.008180600241953937, -0.012055054327978758, 1.0, 0.0, -0.01012877182878968, 0.021147746721890678, 0.01180480411624714, 0.010443140465549162, 0.012648705888561013, 0.0, 0.0, -0.00770549074858146, 0.0, 0, 0, -0.009121954788947248, 0, -0.01207011373963169, 0, 0, 0, 0.016012815380508715, -0.009153917273018161, -0.017035472310798317, 0.0, -0.017892067527972316, -0.006394597990930961, 0.0, 0, 0, 0, 0.0, 0, 0, -0.012618415124521743, 0.009031664118205843, 0.0054476704205051124, 0.0, 0.01690478986522178, 0.00706491392418675, -0.008399905921580514, -0.016634353475582883, 0, -0.01566786250543769, 0.0, -0.006570580211424688, -0.014677639041391398, 0.0, 0.0, 0, 0.002572028711490421, 0, 0, 0.001798095889630713, -0.0023678340861849854, -0.005614189597362271, -0.00983041358796252, 0.016073203333522603, -0.011858200307273218, 0, -0.016908288445499978, 0.043314808182421, -0.008502712798142947, -0.01110288979210819, 0.0031536936352063285, -0.022283047173679276, -0.019514832685889015, 0.018208926018230744, 0.0, 0.016694514082354447
